[templatemo_header.jpg]
moddate=4d449541af82cd01
width=970
height=200
text=2;143;19;Deepak Kumar Gupta&#010;;Jokerman;0.043285,0.350908,0.181545,6.283185;v1,4292079093,4278190080,128.000000,1.000000,0.000000,1.000000,400,0,49152;;159;18;Welcome to My Page;Matura MT Script Capitals;0.235543,0.607416,0.266667,6.283185;v1,4292079093,4278190080,128.000000,1.000000,0.000000,1.000000,400,0,49152;;
textactive=1
